###################bayes#########################
balanced_accuracy_score= 0.574421135500602 0.5651983914467812
f1= 0.17291666666666666 0.16240208877284595
precision_score= 0.12481203007518797 0.11735849056603774
recall_score= 0.28135593220338984 0.2635593220338983
accuracy= 0.8305952634947728 0.8288610296078954
auc= 0.574421135500602 0.5651983914467812
#####混淆矩阵#########
[[3810  582]
 [ 212   83]] [[15226  2339]
 [  869   311]]
###################tree#########################
#对比xgboost在auc上有所不足，但F1值更高，对少数类样本偏重较好
balanced_accuracy_score= 0.6701101386187521 0.9853939604471527
f1= 0.37254901960784315 0.982426060865838
precision_score= 0.35962145110410093 0.9939288811795317
recall_score= 0.3864406779661017 0.9711864406779661
accuracy= 0.9180712609344996 0.9978127500666845
auc= 0.6701101386187521 0.9853939604471527
#####混淆矩阵#########
[[4189  203]
 [ 181  114]] [[17558     7]
 [   34  1146]]
###################svm#########################
balanced_accuracy_score= 0.5049709024111636 0.5109030863572108
f1= 0.020066889632107024 0.042975206611570255
precision_score= 0.75 0.8666666666666667
recall_score= 0.010169491525423728 0.022033898305084745
accuracy= 0.9374866652442927 0.938223526273673
auc= 0.5049709024111636 0.5109030863572108
#####混淆矩阵#########
[[4391    1]
 [ 292    3]] [[17561     4]
 [ 1154    26]]
###################LR#########################
balanced_accuracy_score= 0.5284720292673891 0.5224795794796084
f1= 0.10793650793650794 0.08702531645569621
precision_score= 0.85 0.6547619047619048
recall_score= 0.0576271186440678 0.046610169491525424
accuracy= 0.9400469383400896 0.9384369165110696
auc= 0.528472029267389 0.5224795794796085
#####混淆矩阵#########
[[4389    3]
 [ 278   17]] [[17536    29]
 [ 1125    55]]
