###################bayes#########################
balanced_accuracy_score= 0.6109220153746411 0.6053191489361702
f1= 0.18122977346278318 0.5415929203539823
precision_score= 0.112 0.6458781362007169
recall_score= 0.4745762711864407 0.4663024726854514
accuracy= 0.730104544484745 0.6053191489361702
auc= 0.6109220153746412 0.6053191489361702
#####»ìÏý¾ØÕó#########
[[3282 1110]
 [ 155  140]] [[12944  4446]
 [ 9281  8109]]
###################tree#########################
balanced_accuracy_score= 0.6536155876632398 0.9985623921794136
f1= 0.30499325236167346 0.998561399470595
precision_score= 0.2533632286995516 0.999251410802718
recall_score= 0.38305084745762713 0.997872340425532
accuracy= 0.8901216129720504 0.9985623921794134
auc= 0.6536155876632398 0.9985623921794134
#####»ìÏý¾ØÕó#########
[[4059  333]
 [ 182  113]] [[17377    13]
 [   37 17353]]
###################svm#########################
balanced_accuracy_score= 0.6964496310703591 0.7414893617021276
f1= 0.21446138711264143 0.7622749266280637
precision_score= 0.12543153049482164 0.705545494591552
recall_score= 0.7389830508474576 0.8289246693502013
accuracy= 0.6592703221676979 0.7414893617021276
auc= 0.696449631070359 0.7414893617021276
#####»ìÏý¾ØÕó#########
[[2872 1520]
 [  77  218]] [[11374  6016]
 [ 2975 14415]]
###################LR#########################
balanced_accuracy_score= 0.7098958815720415 0.7272857964347326
f1= 0.2285413375460769 0.7386980357585607
precision_score= 0.13528678304239403 0.7090274472473426
recall_score= 0.735593220338983 0.7709603220241518
accuracy= 0.6874333262214636 0.7272857964347326
auc= 0.7098958815720415 0.7272857964347327
#####»ìÏý¾ØÕó#########
[[3005 1387]
 [  78  217]] [[11888  5502]
 [ 3983 13407]]
