#####特征数量太多效果非常不好了！
###################bayes#########################
balanced_accuracy_score= 0.5810715167793523 0.5930684817168194
f1= 0.1396078431372549 0.14305274825585187
precision_score= 0.07563739376770538 0.0774881683972593
recall_score= 0.9050847457627119 0.9296610169491526
accuracy= 0.29784510347770426 0.29885302747399306
auc= 0.5810715167793523 0.5930684817168194
#####混淆矩阵#########
[[1129 3263]
 [  28  267]] [[ 4505 13060]
 [   83  1097]]
###################tree#########################
balanced_accuracy_score= 0.6606866104782192 0.98708887570139
f1= 0.3378582202111614 0.9841677364142062
precision_score= 0.30434782608695654 0.9939498703543648
recall_score= 0.37966101694915255 0.9745762711864406
accuracy= 0.9063366759120973 0.9980261403040811
auc= 0.6606866104782192 0.98708887570139
#####混淆矩阵#########
[[4136  256]
 [ 183  112]] [[17558     7]
 [   30  1150]]
###################svm#########################
balanced_accuracy_score= 0.5 0.5
f1= 0.0 0.0
precision_score= 0.0 0.0
recall_score= 0.0 0.0
accuracy= 0.9370599530616599 0.9370498799679915
auc= 0.5 0.5
#####混淆矩阵#########
[[4392    0]
 [ 295    0]] [[17565     0]
 [ 1180     0]]
###################LR#########################
balanced_accuracy_score= 0.5112951900219197 0.5216605875513227
f1= 0.04560260586319219 0.08406026962727994
precision_score= 0.5833333333333334 0.654320987654321
recall_score= 0.023728813559322035 0.044915254237288135
accuracy= 0.9374866652442927 0.9383835689517205
auc= 0.5112951900219197 0.5216605875513227
#####混淆矩阵#########
[[4387    5]
 [ 288    7]] [[17537    28]
 [ 1127    53]]
