###################bayes#########################
balanced_accuracy_score= 0.5625899169522398 0.5793998803475711
f1= 0.13355672570607946 0.13805097451274362
precision_score= 0.07185166108678856 0.07428202646014843
recall_score= 0.9457627118644067 0.9754237288135593
accuracy= 0.22765094943460637 0.23323552947452655
auc= 0.5625899169522398 0.579399880347571
#####»ìÏý¾ØÕó#########
[[ 788 3604]
 [  16  279]] [[ 3221 14344]
 [   29  1151]]
###################tree#########################
balanced_accuracy_score= 0.6486199870334353 0.9948867885384552
f1= 0.329073482428115 0.9944657300979141
precision_score= 0.311178247734139 0.9991445680068435
recall_score= 0.34915254237288135 0.9898305084745763
accuracy= 0.910390441647109 0.9993064817284609
auc= 0.6486199870334353 0.9948867885384552
#####»ìÏý¾ØÕó#########
[[4164  228]
 [ 192  103]] [[17564     1]
 [   12  1168]]
###################svm#########################
balanced_accuracy_score= 0.5084745762711864 0.5161016949152543
f1= 0.03333333333333333 0.06239737274220032
precision_score= 1.0 1.0
recall_score= 0.01694915254237288 0.03220338983050847
accuracy= 0.9381267335182419 0.9390770872232596
auc= 0.5084745762711864 0.5161016949152543
#####»ìÏý¾ØÕó#########
[[4392    0]
 [ 290    5]] [[17565     0]
 [ 1142    38]]
###################LR#########################
balanced_accuracy_score= 0.526435583958507 0.5359282953871094
f1= 0.10094637223974763 0.1339563862928349
precision_score= 0.7272727272727273 0.8269230769230769
recall_score= 0.05423728813559322 0.07288135593220339
accuracy= 0.939193513974824 0.9406775140037343
auc= 0.5264355839585071 0.5359282953871094
#####»ìÏý¾ØÕó#########
[[4386    6]
 [ 279   16]] [[17547    18]
 [ 1094    86]]
