#################在除了决策树的模型上，训练效果很差，是因为数据的不平衡性导致的############################################
###################bayes#########################
balanced_accuracy_score= 0.5668268191781668 0.58023913599367
f1= 0.13452492944496708 0.1380406001765225
precision_score= 0.0722769775082133 0.07417009168510907
recall_score= 0.9694915254237289 0.9940677966101695
accuracy= 0.21484958395562193 0.21851160309415843
auc= 0.5668268191781668 0.58023913599367
#####混淆矩阵#########
[[ 721 3671]
 [   9  286]]

 [[ 2923 14642]
 [    7  1173]]
###################tree#########################
balanced_accuracy_score= 0.669528186842024 0.9927396787718257
f1= 0.36334913112164297 0.9918976545842217
precision_score= 0.34023668639053256 0.9982832618025751
recall_score= 0.3898305084745763 0.985593220338983
accuracy= 0.9140174951994879 0.998986396372366
auc= 0.669528186842024 0.9927396787718257
#####混淆矩阵#########
[[4169  223]
 [ 180  115]]

 [[17563     2]
 [   17  1163]]
###################svm#########################
balanced_accuracy_score= 0.5049709024111636 0.513135593220339
f1= 0.020066889632107024 0.05119735755573906
precision_score= 0.75 1.0
recall_score= 0.010169491525423728 0.026271186440677965
accuracy= 0.9374866652442927 0.9387036543078154
auc= 0.5049709024111636 0.513135593220339
#####混淆矩阵#########
[[4391    1]
 [ 292    3]]

 [[17565     0]
 [ 1149    31]]
###################LR#########################
balanced_accuracy_score= 0.5274474391034547 0.5443142178928628
f1= 0.10493827160493828 0.1617535903250189
precision_score= 0.5862068965517241 0.7482517482517482
recall_score= 0.0576271186440678 0.09067796610169492
accuracy= 0.9381267335182419 0.9408375566817818
auc= 0.5274474391034547 0.5443142178928628
#####混淆矩阵#########
[[4380   12]
 [ 278   17]]

  [[17529    36]
 [ 1073   107]]
