###################tree#########################
#得到了全面的优化！对少数类识别能力增强了
balanced_accuracy_score= 0.6764344262295082 0.98708887570139
f1= 0.3806451612903226 0.9841677364142062
precision_score= 0.3630769230769231 0.9939498703543648
recall_score= 0.4 0.9745762711864406
accuracy= 0.9180712609344996 0.9980261403040811
auc= 0.6764344262295082 0.98708887570139
#####混淆矩阵#########
[[4185  207]
 [ 177  118]] [[17558     7]
 [   30  1150]]
###################svm#########################
balanced_accuracy_score= 0.5 0.5
f1= 0.0 0.0
precision_score= 0.0 0.0
recall_score= 0.0 0.0
accuracy= 0.9370599530616599 0.9370498799679915
auc= 0.5 0.5
#####混淆矩阵#########
[[4392    0]
 [ 295    0]] [[17565     0]
 [ 1180     0]]
###################lr#########################
balanced_accuracy_score= 0.5178471643357723 0.5210343421769987
f1= 0.07028753993610225 0.08261886204208885
precision_score= 0.6111111111111112 0.5145631067961165
recall_score= 0.03728813559322034 0.044915254237288135
accuracy= 0.9379133774269255 0.937209922646039
auc= 0.5178471643357723 0.5210343421769987
#####混淆矩阵#########
[[4385    7]
 [ 284   11]] [[17515    50]
 [ 1127    53]]
