###################bayes#########################
balanced_accuracy_score= 0.6100371245098947 0.6092320533418247
f1= 0.14816767730029 0.14809899807577467
precision_score= 0.08033161806746712 0.08033978835217047
recall_score= 0.9525423728813559 0.9457627118644067
accuracy= 0.31064646895668874 0.31507068551613765
auc= 0.6100371245098948 0.6092320533418247
#####ªÏœ˝æÿ’Û#########
[[1175 3217]
 [  14  281]] [[ 4790 12775]
 [   64  1116]]
###################tree#########################
#…‘Œ¢≤Ó¡À“ªµ„
balanced_accuracy_score= 0.666037248000988 0.98708887570139
f1= 0.3636363636363636 0.9841677364142062
precision_score= 0.34890965732087226 0.9939498703543648
recall_score= 0.37966101694915255 0.9745762711864406
accuracy= 0.9163644122039685 0.9980261403040811
auc= 0.666037248000988 0.98708887570139
#####ªÏœ˝æÿ’Û#########
[[4183  209]
 [ 183  112]] [[17558     7]
 [   30  1150]]
###################svm#########################
balanced_accuracy_score= 0.5 0.5037281622255352
f1= 0.0 0.015100671140939596
precision_score= 0.0 0.75
recall_score= 0.0 0.007627118644067797
accuracy= 0.9370599530616599 0.9373699653240865
auc= 0.5 0.5037281622255352
#####ªÏœ˝æÿ’Û#########
[[4392    0]
 [ 295    0]] [[17562     3]
 [ 1171     9]]
###################LR#########################
balanced_accuracy_score= 0.5110675033188231 0.5182992227416809
f1= 0.045307443365695796 0.07188498402555911
precision_score= 0.5 0.625
recall_score= 0.023728813559322035 0.038135593220338986
accuracy= 0.9370599530616599 0.9380101360362764
auc= 0.5110675033188232 0.5182992227416809
#####ªÏœ˝æÿ’Û#########
[[4385    7]
 [ 288    7]] [[17538    27]
 [ 1135    45]]
