###################bayes#########################
balanced_accuracy_score= 0.6759068877157235 0.6624898078324094
f1= 0.19499341238471674 0.18799695022328722
precision_score= 0.11200807265388496 0.1078615173103362
recall_score= 0.752542372881356 0.7313559322033898
accuracy= 0.6089182846170258 0.6022939450520138
auc= 0.6759068877157236 0.6624898078324094
#####»ìÏý¾ØÕó#########
[[2632 1760]
 [  73  222]] [[10427  7138]
 [  317   863]]
###################tree#########################
balanced_accuracy_score= 0.5832897255410453 0.9952535859543488
f1= 0.21568627450980393 0.9940476190476191
precision_score= 0.2082018927444795 0.9974402730375427
recall_score= 0.22372881355932203 0.9906779661016949
accuracy= 0.8975890761681246 0.9992531341691118
auc= 0.5832897255410454 0.9952535859543487
#####»ìÏý¾ØÕó#########
[[4141  251]
 [ 229   66]]
 [[17562     3]
 [   11  1169]]
###################svm#########################
balanced_accuracy_score= 0.5196559229415578 0.534486314753434
f1= 0.0766773162939297 0.128982128982129
precision_score= 0.6666666666666666 0.7757009345794392
recall_score= 0.04067796610169491 0.07033898305084746
accuracy= 0.9383400896095584 0.9401973859695919
auc= 0.5196559229415579 0.5344863147534339
#####»ìÏý¾ØÕó#########
[[4386    6]
 [ 283   12]] [[17541    24]
 [ 1097    83]]
###################LR#########################
balanced_accuracy_score= 0.5635971411811923 0.560883546343605
f1= 0.21910112359550563 0.21067415730337077
precision_score= 0.639344262295082 0.6147540983606558
recall_score= 0.13220338983050847 0.1271186440677966
accuracy= 0.9406870066140388 0.9400373432915444
auc= 0.5635971411811922 0.5608835463436052
#####»ìÏý¾ØÕó#########
[[4370   22]
 [ 256   39]] [[17471    94]
 [ 1030   150]]
