##########对经过转换后的数据进行归一化，然后SMOTE过采样，产生1:1的SMOTE平衡数据，在进行归一化交叉验证模型#####################
###################bayes#########################
balanced_accuracy_score= 0.5716973850761013 0.5921655030330777
f1= 0.1361639824304539 0.7065291247143122
precision_score= 0.07336313436760453 0.5517962242305342
recall_score= 0.9457627118644067 0.9818587615886459
accuracy= 0.24471943673991892 0.5921655030330777
auc= 0.5716973850761013 0.5921655030330777
#####混淆矩阵#########
[[ 868 3524]
 [  16  279]] [[ 3538 13936]
 [  317 17157]]
###################tree#########################
balanced_accuracy_score= 0.6455080114846716 0.9994563351264736
f1= 0.3024251069900143 0.9994561639522569
precision_score= 0.26108374384236455 0.9997709442821966
recall_score= 0.3593220338983051 0.9991415817786425
accuracy= 0.8956688713462769 0.9994563351264736
auc= 0.6455080114846717 0.9994563351264737
#####混淆矩阵#########
[[4092  300]
 [ 189  106]] [[17470     4]
 [   15 17459]]
###################svm#########################
balanced_accuracy_score= 0.6343498193942761 0.7886288199610851
f1= 0.2285714285714286 0.7754233423524761
precision_score= 0.1569620253164557 0.8270964394578117
recall_score= 0.42033898305084744 0.7298271717981001
accuracy= 0.8214209515681673 0.788628819961085
auc= 0.6343498193942761 0.788628819961085
#####混淆矩阵#########
[[3726  666]
 [ 171  124]] [[14808  2666]
 [ 4721 12753]]
###################LR#########################
balanced_accuracy_score= 0.7023964990275076 0.7627904314982259
f1= 0.238123872519543 0.7702328159645232
precision_score= 0.14473684210526316 0.7468021068472536
recall_score= 0.6711864406779661 0.7951814123841136
accuracy= 0.7296778323021123 0.7627904314982259
auc= 0.7023964990275077 0.7627904314982259
#####混淆矩阵#########
[[3222 1170]
 [  97  198]] [[12763  4711]
 [ 3579 13895]]
